99211
30789
40272
16975
05644
57319
89490
24009
96317
68883
94796
64477
41534
26294
36676
00366
08595
64799
58900
87806
80577
70303
85635
11850
14986
05682
36903
07609
30566
08043
37776
92174
55312
51653
06651
88122
02907
34971
92084
15635
27338
44700
01447
08393
66321
00315
41883
34966
03110
04821
28863
81133
62010
88039
87825
96931
11309
36965
84232
84304
09100
77839
97894
72774
32653
07041
98768
10336
87982
83867
22876
24540
14565
68324
04557
44502
51258
88369
62209
90201
37267
50814
61281
70168
34833
02177
03739
01068
39227
54485
29208
56683
23508
10302
01183
50403
75677
04133
79824
15034